Sample	Chromosome	Start_Position	End_Position	Length	Median_Ratio	Median_logR	TITAN_state	TITAN_call	Copy_Number	MinorCN	MajorCN	Clonal_Cluster	Clonal_Frequency
HCC1395	1	15211	137825	122615	0.74	-0.24	7	ASCNA	4	1	3	1	1.00
HCC1395	1	568214	884101	315888	0.52	-0.70	3	HET	2	1	1	NA	NA
HCC1395	1	907609	1179800	272192	1.00	-0.52	2	NLOH	2	0	2	1	1.00
HCC1395	1	1223754	1225504	1751	0.61	-0.74	3	HET	2	1	1	NA	NA
HCC1395	1	1225553	1576636	351084	1.00	-0.50	2	NLOH	2	0	2	1	1.00
HCC1395	1	1581604	1582641	1038	0.61	-0.33	3	HET	2	1	1	NA	NA
HCC1395	1	1585388	1623725	38338	1.00	-0.44	2	NLOH	2	0	2	1	1.00
HCC1395	1	1639913	1650996	11084	0.57	-0.64	3	HET	2	1	1	NA	NA
HCC1395	1	1663831	1878628	214798	1.00	-0.52	2	NLOH	2	0	2	1	1.00
HCC1395	1	1886501	1886501	1	0.50	-0.13	3	HET	2	1	1	NA	NA
HCC1395	1	1886859	9338622	7451764	1.00	-0.41	2	NLOH	2	0	2	1	1.00
HCC1395	1	9630577	9714340	83764	0.99	0.17	4	ALOH	3	0	3	1	1.00
HCC1395	1	10001239	10001247	9	0.68	0.26	5	GAIN	3	1	2	1	1.00
HCC1395	1	10336218	11590778	1254561	1.00	0.19	4	ALOH	3	0	3	1	1.00
HCC1395	1	11593793	11593793	1	0.55	-0.38	3	HET	2	1	1	NA	NA
HCC1395	1	11594400	12785749	1191350	1.00	0.20	4	ALOH	3	0	3	1	1.00
HCC1395	1	12853217	12853805	589	0.71	-0.03	5	GAIN	3	1	2	1	1.00
HCC1395	1	12854713	12888207	33495	1.00	0.01	4	ALOH	3	0	3	1	1.00
HCC1395	1	12888867	12888981	115	0.55	0.01	5	GAIN	3	1	2	1	1.00
HCC1395	1	12898264	12899057	794	1.00	0.19	4	ALOH	3	0	3	1	1.00
HCC1395	1	12908333	13365640	457308	0.69	0.21	5	GAIN	3	1	2	1	1.00
HCC1395	1	13802224	16384843	2582620	1.00	0.18	4	ALOH	3	0	3	1	1.00
HCC1395	1	16385131	16385980	850	1.00	-0.74	2	NLOH	2	0	2	1	1.00
HCC1395	1	16386008	16817131	431124	1.00	0.15	4	ALOH	3	0	3	1	1.00
HCC1395	1	16822537	16822537	1	0.86	0.18	7	ASCNA	4	1	3	1	1.00
HCC1395	1	16828367	16828502	136	1.00	0.26	4	ALOH	3	0	3	1	1.00
HCC1395	1	16862031	16863662	1632	0.75	-0.25	3	HET	2	1	1	NA	NA
HCC1395	1	16875489	16875572	84	1.00	-0.58	2	NLOH	2	0	2	1	1.00
HCC1395	1	16893033	16902426	9394	0.63	-0.07	5	GAIN	3	1	2	1	1.00
HCC1395	1	16902516	16902542	27	0.99	-0.07	4	ALOH	3	0	3	1	1.00
HCC1395	1	16903245	16946749	43505	0.64	0.03	5	GAIN	3	1	2	1	1.00
HCC1395	1	16948474	16950063	1590	1.00	-0.05	4	ALOH	3	0	3	1	1.00
HCC1395	1	16950708	17007923	57216	0.78	0.02	5	GAIN	3	1	2	1	1.00
HCC1395	1	17012702	17012761	60	1.00	0.34	6	ALOH	4	0	4	1	1.00
HCC1395	1	17012987	17026551	13565	0.55	0.25	8	BCNA	4	2	2	1	1.00
HCC1395	1	17029257	17029257	1	1.00	0.19	4	ALOH	3	0	3	1	1.00
HCC1395	1	17029714	17030795	1082	0.61	0.12	5	GAIN	3	1	2	1	1.00
HCC1395	1	17033758	17033758	1	1.00	0.24	4	ALOH	3	0	3	1	1.00
HCC1395	1	17033805	17033805	1	0.54	0.24	8	BCNA	4	2	2	1	1.00
HCC1395	1	17033854	17033854	1	1.00	0.24	4	ALOH	3	0	3	1	1.00
HCC1395	1	17034728	17034728	1	0.54	0.41	8	BCNA	4	2	2	1	1.00
HCC1395	1	17034835	17084670	49836	0.99	0.06	4	ALOH	3	0	3	1	1.00
HCC1395	1	17091129	17280578	189450	0.71	0.00	5	GAIN	3	1	2	1	1.00
HCC1395	1	17396608	21751325	4354718	1.00	0.17	4	ALOH	3	0	3	1	1.00
HCC1395	1	21752681	21755142	2462	0.72	0.37	7	ASCNA	4	1	3	1	1.00
HCC1395	1	21755867	22313017	557151	1.00	0.17	4	ALOH	3	0	3	1	1.00
HCC1395	1	22331705	22331705	1	0.54	0.26	8	BCNA	4	2	2	1	1.00
HCC1395	1	22379088	26608649	4229562	1.00	0.11	4	ALOH	3	0	3	1	1.00
HCC1395	1	26608885	26608889	5	0.61	0.17	5	GAIN	3	1	2	1	1.00
HCC1395	1	26624270	27928640	1304371	1.00	0.18	4	ALOH	3	0	3	1	1.00
HCC1395	1	27995521	27995521	1	0.72	0.26	7	ASCNA	4	1	3	1	1.00
HCC1395	1	28086528	33236483	5149956	1.00	0.15	4	ALOH	3	0	3	1	1.00
HCC1395	1	33318869	33318869	1	0.69	0.77	11	UBCNA	5	2	3	1	1.00
HCC1395	1	33411015	36769917	3358903	1.00	0.12	4	ALOH	3	0	3	1	1.00
HCC1395	1	36770065	36770065	1	0.70	0.13	5	GAIN	3	1	2	1	1.00
HCC1395	1	36824321	36937392	113072	1.00	0.25	4	ALOH	3	0	3	1	1.00
HCC1395	1	37346626	38082381	735756	1.00	-0.48	2	NLOH	2	0	2	1	1.00
HCC1395	1	38167708	38167708	1	0.55	-0.55	3	HET	2	1	1	NA	NA
HCC1395	1	38188841	39361615	1172775	1.00	-0.47	2	NLOH	2	0	2	1	1.00
HCC1395	1	39550261	39950080	399820	1.00	0.13	4	ALOH	3	0	3	1	1.00
HCC1395	1	39981522	39981522	1	0.72	0.01	5	GAIN	3	1	2	1	1.00
HCC1395	1	39987922	40781613	793692	1.00	0.16	4	ALOH	3	0	3	1	1.00
HCC1395	1	40840296	40840296	1	0.64	0.20	5	GAIN	3	1	2	1	1.00
HCC1395	1	40872623	47399415	6526793	1.00	0.08	4	ALOH	3	0	3	1	1.00
HCC1395	1	47399967	47399967	1	0.82	0.21	7	ASCNA	4	1	3	1	1.00
HCC1395	1	47401424	52403276	5001853	1.00	0.14	4	ALOH	3	0	3	1	1.00
HCC1395	1	52851729	53537266	685538	1.00	-0.33	2	NLOH	2	0	2	1	1.00
HCC1395	1	53554457	53554457	1	0.50	-0.40	3	HET	2	1	1	NA	NA
HCC1395	1	53675532	57602383	3926852	1.00	-0.45	2	NLOH	2	0	2	1	1.00
HCC1395	1	58939502	59004279	64778	1.00	-1.31	1	DLOH	1	0	1	1	1.00
HCC1395	1	59043453	68954945	9911493	1.00	-0.41	2	NLOH	2	0	2	1	1.00
HCC1395	1	70034372	70034372	1	0.70	-0.79	3	HET	2	1	1	NA	NA
HCC1395	1	70226125	77001631	6775507	1.00	-1.39	1	DLOH	1	0	1	1	1.00
HCC1395	1	77094826	83698071	6603246	1.00	-0.37	2	NLOH	2	0	2	1	1.00
HCC1395	1	83698159	83912480	214322	0.71	-0.01	7	ASCNA	4	1	3	1	1.00
HCC1395	1	84864599	95360319	10495721	1.00	0.70	6	ALOH	4	0	4	1	1.00
HCC1395	1	96913490	102462156	5548667	1.00	-0.48	2	NLOH	2	0	2	1	1.00
HCC1395	1	103468336	103468336	1	0.61	-0.33	3	HET	2	1	1	NA	NA
HCC1395	1	104076462	114682028	10605567	1.00	-0.45	2	NLOH	2	0	2	1	1.00
HCC1395	1	114696406	114696406	1	1.00	1.09	6	ALOH	4	0	4	1	1.00
HCC1395	1	114951220	118167653	3216434	1.00	-0.49	2	NLOH	2	0	2	1	1.00
HCC1395	1	118420452	120286457	1866006	0.58	0.77	8	BCNA	4	2	2	1	1.00
HCC1395	1	120845733	160971155	40125423	0.66	0.08	5	GAIN	3	1	2	1	1.00
HCC1395	1	160990906	160990906	1	1.00	-0.77	2	NLOH	2	0	2	1	1.00
HCC1395	1	161007326	176863867	15856542	0.67	0.08	5	GAIN	3	1	2	1	1.00
HCC1395	1	176905200	177057498	152299	0.76	0.55	7	ASCNA	4	1	3	1	1.00
HCC1395	1	177902388	178271480	369093	0.67	0.06	5	GAIN	3	1	2	1	1.00
HCC1395	1	178408780	178515135	106356	0.63	0.27	8	BCNA	4	2	2	1	1.00
HCC1395	1	178716163	203472909	24756747	0.66	0.11	5	GAIN	3	1	2	1	1.00
HCC1395	1	203676818	203709068	32251	0.83	0.96	10	ASCNA	5	1	4	1	1.00
HCC1395	1	203766827	249211042	45444216	0.66	0.11	5	GAIN	3	1	2	1	1.00
HCC1395	2	224970	10265144	10040175	1.00	0.08	4	ALOH	3	0	3	1	1.00
HCC1395	2	10332494	10332503	10	1.00	-1.55	1	DLOH	1	0	1	1	1.00
HCC1395	2	10559675	11751166	1191492	1.00	-0.57	2	NLOH	2	0	2	1	1.00
HCC1395	2	11758228	11758262	35	0.65	-0.46	3	HET	2	1	1	NA	NA
HCC1395	2	11777690	25754235	13976546	1.00	-0.60	2	NLOH	2	0	2	1	1.00
HCC1395	2	26082057	31805706	5723650	1.00	0.05	4	ALOH	3	0	3	1	1.00
HCC1395	2	32312700	32620888	308189	1.00	-0.50	2	NLOH	2	0	2	1	1.00
HCC1395	2	32666137	33174072	507936	0.58	-0.01	5	GAIN	3	1	2	1	1.00
HCC1395	2	33335847	43879382	10543536	1.00	-0.46	2	NLOH	2	0	2	1	1.00
HCC1395	2	43905876	43905898	23	0.66	-0.09	5	GAIN	3	1	2	1	1.00
HCC1395	2	43916503	44993487	1076985	1.00	-0.40	2	NLOH	2	0	2	1	1.00
HCC1395	2	45417972	63826164	18408193	0.68	0.12	5	GAIN	3	1	2	1	1.00
HCC1395	2	63922606	84668155	20745550	1.00	-0.50	2	NLOH	2	0	2	1	1.00
HCC1395	2	84880695	85068756	188062	1.00	0.63	6	ALOH	4	0	4	1	1.00
HCC1395	2	85361101	96581373	11220273	0.57	0.41	8	BCNA	4	2	2	1	1.00
HCC1395	2	96593340	96619973	26634	0.68	0.14	5	GAIN	3	1	2	1	1.00
HCC1395	2	96626030	102781651	6155622	0.56	0.46	8	BCNA	4	2	2	1	1.00
HCC1395	2	103090552	109239373	6148822	1.00	-1.41	1	DLOH	1	0	1	1	1.00
HCC1395	2	109276099	109276099	1	0.55	-1.38	3	HET	2	1	1	NA	NA
HCC1395	2	109276110	109276110	1	1.00	-1.38	1	DLOH	1	0	1	1	1.00
HCC1395	2	109276178	109276381	204	0.52	-1.38	3	HET	2	1	1	NA	NA
HCC1395	2	109278399	111909247	2630849	1.00	-1.47	1	DLOH	1	0	1	1	1.00
HCC1395	2	112541644	112541644	1	0.61	-0.53	3	HET	2	1	1	NA	NA
HCC1395	2	112552427	112578794	26368	0.99	-0.64	2	NLOH	2	0	2	1	1.00
HCC1395	2	112583476	112615685	32210	1.00	-1.37	1	DLOH	1	0	1	1	1.00
HCC1395	2	112615933	112615933	1	0.65	-1.58	3	HET	2	1	1	NA	NA
HCC1395	2	112621083	114035923	1414841	1.00	-1.47	1	DLOH	1	0	1	1	1.00
HCC1395	2	114242770	114242770	1	0.50	-3.08	3	HET	2	1	1	NA	NA
HCC1395	2	114258384	114336261	77878	0.94	-2.40	1	DLOH	1	0	1	1	1.00
HCC1395	2	114340258	114341247	990	1.00	-0.31	2	NLOH	2	0	2	1	1.00
HCC1395	2	114341603	114355769	14167	0.72	-0.78	3	HET	2	1	1	NA	NA
HCC1395	2	114356239	130000272	15644034	1.00	-0.52	2	NLOH	2	0	2	1	1.00
HCC1395	2	130751346	130751472	127	0.70	0.02	5	GAIN	3	1	2	1	1.00
HCC1395	2	130792213	131955336	1163124	1.00	-0.41	2	NLOH	2	0	2	1	1.00
HCC1395	2	131995394	131995493	100	0.73	-0.41	3	HET	2	1	1	NA	NA
HCC1395	2	132044566	132381821	337256	1.00	-0.59	2	NLOH	2	0	2	1	1.00
HCC1395	2	132508773	132919501	410729	0.72	-0.46	3	HET	2	1	1	NA	NA
HCC1395	2	133014253	133015766	1514	0.60	0.06	5	GAIN	3	1	2	1	1.00
HCC1395	2	133038515	133076469	37955	0.56	-0.28	3	HET	2	1	1	NA	NA
HCC1395	2	133175524	160826648	27651125	1.00	-0.47	2	NLOH	2	0	2	1	1.00
HCC1395	2	160832996	161159692	326697	1.00	0.43	6	ALOH	4	0	4	1	1.00
HCC1395	2	161174860	163228462	2053603	1.00	-0.31	2	NLOH	2	0	2	1	1.00
HCC1395	2	165358792	170939368	5580577	0.56	0.47	8	BCNA	4	2	2	1	1.00
HCC1395	2	170940021	170940021	1	1.00	0.54	6	ALOH	4	0	4	1	1.00
HCC1395	2	171070785	179258923	8188139	0.56	0.47	8	BCNA	4	2	2	1	1.00
HCC1395	2	179296169	179315890	19722	0.83	0.27	7	ASCNA	4	1	3	1	1.00
HCC1395	2	179319391	179574715	255325	0.54	0.44	8	BCNA	4	2	2	1	1.00
HCC1395	2	179577589	179577589	1	1.00	0.54	6	ALOH	4	0	4	1	1.00
HCC1395	2	179579212	192227230	12648019	0.55	0.46	8	BCNA	4	2	2	1	1.00
HCC1395	2	192701393	193056737	355345	1.00	-0.56	2	NLOH	2	0	2	1	1.00
HCC1395	2	196659041	197637789	978749	1.00	-1.37	1	DLOH	1	0	1	1	1.00
HCC1395	2	197737587	203631556	5893970	0.55	-0.44	3	HET	2	1	1	NA	NA
HCC1395	2	203643563	203679216	35654	1.00	-0.47	2	NLOH	2	0	2	1	1.00
HCC1395	2	203964369	217469796	13505428	0.55	-0.44	3	HET	2	1	1	NA	NA
HCC1395	2	217541394	225907150	8365757	0.64	0.02	5	GAIN	3	1	2	1	1.00
HCC1395	2	227771389	242839614	15068226	0.57	0.50	8	BCNA	4	2	2	1	1.00
HCC1395	3	239245	48485493	48246249	1.00	0.09	4	ALOH	3	0	3	1	1.00
HCC1395	3	48491367	48491367	1	0.78	0.19	7	ASCNA	4	1	3	1	1.00
HCC1395	3	48491394	48982335	490942	1.00	0.10	4	ALOH	3	0	3	1	1.00
HCC1395	3	49049501	49726028	676528	0.77	0.04	7	ASCNA	4	1	3	1	1.00
HCC1395	3	49740450	57743337	8002888	1.00	0.11	4	ALOH	3	0	3	1	1.00
HCC1395	3	57826854	62648142	4821289	1.00	-0.47	2	NLOH	2	0	2	1	1.00
HCC1395	3	62764872	63320314	555443	0.67	0.04	5	GAIN	3	1	2	1	1.00
HCC1395	3	63437858	70014447	6576590	1.00	-0.43	2	NLOH	2	0	2	1	1.00
HCC1395	3	71007361	71026704	19344	0.64	0.30	5	GAIN	3	1	2	1	1.00
HCC1395	3	71179842	71247607	67766	1.00	-0.40	2	NLOH	2	0	2	1	1.00
HCC1395	3	71348583	71348583	1	0.62	0.07	5	GAIN	3	1	2	1	1.00
HCC1395	3	71733420	72424471	691052	1.00	-0.38	2	NLOH	2	0	2	1	1.00
HCC1395	3	72971341	73111973	140633	0.71	0.13	5	GAIN	3	1	2	1	1.00
HCC1395	3	73434086	73651383	217298	1.00	-0.42	2	NLOH	2	0	2	1	1.00
HCC1395	3	74349288	75478000	1128713	0.66	0.11	5	GAIN	3	1	2	1	1.00
HCC1395	3	75648063	75648063	1	1.00	-0.60	2	NLOH	2	0	2	1	1.00
HCC1395	3	75786737	75986988	200252	0.58	-0.23	3	HET	2	1	1	NA	NA
HCC1395	3	77089699	77681865	592167	1.00	-0.44	2	NLOH	2	0	2	1	1.00
HCC1395	3	78647116	78695185	48070	0.72	0.04	5	GAIN	3	1	2	1	1.00
HCC1395	3	78709044	81810770	3101727	1.00	-0.46	2	NLOH	2	0	2	1	1.00
HCC1395	3	84339246	90283951	5944706	0.66	0.12	5	GAIN	3	1	2	1	1.00
HCC1395	3	93593119	121304933	27711815	1.00	-0.48	2	NLOH	2	0	2	1	1.00
HCC1395	3	121351315	121351315	1	0.63	-0.74	3	HET	2	1	1	NA	NA
HCC1395	3	121838319	127383657	5545339	1.00	-0.49	2	NLOH	2	0	2	1	1.00
HCC1395	3	127394820	129743467	2348648	1.00	0.22	4	ALOH	3	0	3	1	1.00
HCC1395	3	129800783	129800938	156	1.00	-1.06	2	NLOH	2	0	2	1	1.00
HCC1395	3	129804390	129804794	405	1.00	-1.27	1	DLOH	1	0	1	1	1.00
HCC1395	3	129810022	129826402	16381	1.00	0.05	4	ALOH	3	0	3	1	1.00
HCC1395	3	129828454	129828454	1	0.68	0.27	5	GAIN	3	1	2	1	1.00
HCC1395	3	129828460	161221705	31393246	1.00	0.20	4	ALOH	3	0	3	1	1.00
HCC1395	3	163720122	168538993	4818872	1.00	-1.39	1	DLOH	1	0	1	1	1.00
HCC1395	3	169482335	183756808	14274474	0.64	0.05	5	GAIN	3	1	2	1	1.00
HCC1395	3	183773250	192635348	8862099	0.56	-0.43	3	HET	2	1	1	NA	NA
HCC1395	3	192874117	195306055	2431939	1.00	-1.33	1	DLOH	1	0	1	1	1.00
HCC1395	3	195346477	195346477	1	0.72	-1.11	3	HET	2	1	1	NA	NA
HCC1395	3	195346623	195346861	239	0.98	-1.11	1	DLOH	1	0	1	1	1.00
HCC1395	3	195393860	195475989	82130	0.61	-1.10	3	HET	2	1	1	NA	NA
HCC1395	3	195487737	195487737	1	1.00	-1.70	1	DLOH	1	0	1	1	1.00
HCC1395	3	195489009	195489067	59	1.00	-0.80	2	NLOH	2	0	2	1	1.00
HCC1395	3	195490144	195497981	7838	0.98	-1.68	1	DLOH	1	0	1	1	1.00
HCC1395	3	195505788	195511523	5736	0.64	-0.91	3	HET	2	1	1	NA	NA
HCC1395	3	195514948	195515122	175	0.99	-1.33	1	DLOH	1	0	1	1	1.00
HCC1395	3	195515315	195515315	1	0.77	-1.35	3	HET	2	1	1	NA	NA
HCC1395	3	195515617	195701115	185499	1.00	-1.52	1	DLOH	1	0	1	1	1.00
HCC1395	3	195702421	195708880	6460	0.55	-1.31	3	HET	2	1	1	NA	NA
HCC1395	3	195710829	197581147	1870319	1.00	-1.40	1	DLOH	1	0	1	1	1.00
HCC1395	3	197672473	197748342	75870	1.00	-0.73	2	NLOH	2	0	2	1	1.00
HCC1395	4	60303	60400	98	0.82	-0.24	5	GAIN	3	1	2	1	1.00
HCC1395	4	150302	890172	739871	1.00	-1.52	1	DLOH	1	0	1	1	1.00
HCC1395	4	898075	898075	1	0.59	-1.47	3	HET	2	1	1	NA	NA
HCC1395	4	941290	3519617	2578328	1.00	-1.58	1	DLOH	1	0	1	1	1.00
HCC1395	4	3589417	3590911	1495	0.71	-0.52	3	HET	2	1	1	NA	NA
HCC1395	4	3891180	3956678	65499	1.00	-1.54	1	DLOH	1	0	1	1	1.00
HCC1395	4	3957037	3957091	55	0.97	-0.77	2	NLOH	2	0	2	1	1.00
HCC1395	4	3968579	4199634	231056	0.99	-1.50	1	DLOH	1	0	1	1	1.00
HCC1395	4	4237495	4239516	2022	0.75	-0.33	3	HET	2	1	1	NA	NA
HCC1395	4	4276021	5830393	1554373	1.00	-1.42	1	DLOH	1	0	1	1	1.00
HCC1395	4	5843196	5843266	71	1.00	-0.39	2	NLOH	2	0	2	1	1.00
HCC1395	4	5844554	11370295	5525742	1.00	-1.46	1	DLOH	1	0	1	1	1.00
HCC1395	4	12798403	13627815	829413	1.00	-0.03	4	ALOH	3	0	3	1	1.00
HCC1395	4	14702200	17528570	2826371	1.00	-0.71	2	NLOH	2	0	2	1	1.00
HCC1395	4	17666303	17666303	1	0.71	-0.67	3	HET	2	1	1	NA	NA
HCC1395	4	20469665	24541623	4071959	1.00	-0.64	2	NLOH	2	0	2	1	1.00
HCC1395	4	24896473	42639186	17742714	0.55	0.46	8	BCNA	4	2	2	1	1.00
HCC1395	4	44626641	49063872	4437232	0.69	0.03	5	GAIN	3	1	2	1	1.00
HCC1395	4	49491650	49502916	11267	1.00	-0.44	2	NLOH	2	0	2	1	1.00
HCC1395	4	49561110	55524533	5963424	0.67	0.06	5	GAIN	3	1	2	1	1.00
HCC1395	4	56138389	67142620	11004232	0.98	-0.46	2	NLOH	2	0	2	1	1.00
HCC1395	4	68311813	68311813	1	0.64	-0.34	3	HET	2	1	1	NA	NA
HCC1395	4	68338199	78106441	9768243	0.97	-0.48	2	NLOH	2	0	2	1	1.00
HCC1395	4	78722315	88904186	10181872	0.68	0.05	5	GAIN	3	1	2	1	1.00
HCC1395	4	88959381	111436741	22477361	0.55	0.46	8	BCNA	4	2	2	1	1.00
HCC1395	4	111552625	111552625	1	1.00	0.38	6	ALOH	4	0	4	1	1.00
HCC1395	4	111552674	135248996	23696323	0.55	0.47	8	BCNA	4	2	2	1	1.00
HCC1395	4	139092719	140281941	1189223	1.00	-0.51	2	NLOH	2	0	2	1	1.00
HCC1395	4	140454711	140811096	356386	0.60	0.36	8	BCNA	4	2	2	1	1.00
HCC1395	4	141489987	144796495	3306509	1.00	-0.44	2	NLOH	2	0	2	1	1.00
HCC1395	4	144801779	144801779	1	0.78	-0.38	7	ASCNA	4	1	3	1	1.00
HCC1395	4	144826407	189659777	44833371	1.00	-0.50	2	NLOH	2	0	2	1	1.00
HCC1395	4	190874045	190894898	20854	0.55	-0.33	3	HET	2	1	1	NA	NA
HCC1395	5	162674	1576094	1413421	0.59	0.72	8	BCNA	4	2	2	1	1.00
HCC1395	5	1589751	7757867	6168117	0.60	0.80	11	UBCNA	5	2	3	1	1.00
HCC1395	5	7826680	37605048	29778369	0.54	0.51	8	BCNA	4	2	2	1	1.00
HCC1395	5	38350462	44809162	6458701	0.67	0.16	5	GAIN	3	1	2	1	1.00
HCC1395	5	49701755	68728544	19026790	1.00	-0.49	2	NLOH	2	0	2	1	1.00
HCC1395	5	69806802	69817644	10843	0.77	-0.23	7	ASCNA	4	1	3	1	1.00
HCC1395	5	70762191	76003482	5241292	1.00	-0.41	2	NLOH	2	0	2	1	1.00
HCC1395	5	76004014	76004067	54	0.99	-1.79	1	DLOH	1	0	1	1	1.00
HCC1395	5	76114963	110084154	33969192	1.00	-0.43	2	NLOH	2	0	2	1	1.00
HCC1395	5	110284596	110284619	24	0.57	-0.30	3	HET	2	1	1	NA	NA
HCC1395	5	110407507	115840528	5433022	1.00	-0.49	2	NLOH	2	0	2	1	1.00
HCC1395	5	118309352	118309352	1	0.64	-0.68	3	HET	2	1	1	NA	NA
HCC1395	5	118440675	132151339	13710665	1.00	-0.46	2	NLOH	2	0	2	1	1.00
HCC1395	5	132198287	132202411	4125	1.00	0.55	6	ALOH	4	0	4	1	1.00
HCC1395	5	132215477	138456994	6241518	1.00	-0.38	2	NLOH	2	0	2	1	1.00
HCC1395	5	138714159	175311159	36597001	1.00	0.11	4	ALOH	3	0	3	1	1.00
HCC1395	5	175386765	175388454	1690	0.89	0.56	7	ASCNA	4	1	3	1	1.00
HCC1395	5	175394008	175467619	73612	1.00	0.01	4	ALOH	3	0	3	1	1.00
HCC1395	5	175467892	175467892	1	0.52	0.24	8	BCNA	4	2	2	1	1.00
HCC1395	5	175498232	175498232	1	1.00	0.39	6	ALOH	4	0	4	1	1.00
HCC1395	5	175498247	175525792	27546	0.60	0.11	5	GAIN	3	1	2	1	1.00
HCC1395	5	175573635	175956998	383364	1.00	0.07	4	ALOH	3	0	3	1	1.00
HCC1395	5	175957238	175957336	99	0.67	0.32	7	ASCNA	4	1	3	1	1.00
HCC1395	5	175992519	177056571	1064053	1.00	0.08	4	ALOH	3	0	3	1	1.00
HCC1395	5	177058525	177335126	276602	0.87	0.12	7	ASCNA	4	1	3	1	1.00
HCC1395	5	177547336	180552412	3005077	1.00	0.04	4	ALOH	3	0	3	1	1.00
HCC1395	6	304890	7232186	6927297	0.63	1.20	8	BCNA	4	2	2	1	1.00
HCC1395	6	7579344	52876377	45297034	0.81	1.16	7	ASCNA	4	1	3	1	1.00
HCC1395	6	56426562	57255253	828692	0.54	0.31	8	BCNA	4	2	2	1	1.00
HCC1395	6	57372116	64003459	6631344	0.64	0.16	5	GAIN	3	1	2	1	1.00
HCC1395	6	64709261	69666684	4957424	0.56	-0.48	3	HET	2	1	1	NA	NA
HCC1395	6	69785765	73111454	3325690	0.78	0.47	7	ASCNA	4	1	3	1	1.00
HCC1395	6	73900091	76735065	2834975	0.66	0.05	5	GAIN	3	1	2	1	1.00
HCC1395	6	78171941	78171941	1	1.00	-0.92	2	NLOH	2	0	2	1	1.00
HCC1395	6	79424433	84911336	5486904	0.67	0.10	5	GAIN	3	1	2	1	1.00
HCC1395	6	85470100	89479364	4009265	1.00	-1.48	1	DLOH	1	0	1	1	1.00
HCC1395	6	89601490	90661576	1060087	1.00	0.42	6	ALOH	4	0	4	1	1.00
HCC1395	6	91256928	97694371	6437444	1.00	-1.42	1	DLOH	1	0	1	1	1.00
HCC1395	6	99284532	139134558	39850027	1.00	0.15	4	ALOH	3	0	3	1	1.00
HCC1395	6	139144693	139144693	1	0.78	0.09	7	ASCNA	4	1	3	1	1.00
HCC1395	6	139167579	158929489	19761911	1.00	0.07	4	ALOH	3	0	3	1	1.00
HCC1395	6	159029254	159029254	1	0.52	0.09	5	GAIN	3	1	2	1	1.00
HCC1395	6	159128016	161123158	1995143	1.00	0.03	4	ALOH	3	0	3	1	1.00
HCC1395	6	161136058	167369540	6233483	1.00	-0.52	2	NLOH	2	0	2	1	1.00
HCC1395	6	167411177	167411298	122	0.67	-0.34	3	HET	2	1	1	NA	NA
HCC1395	6	167417934	167571430	153497	0.99	-0.45	2	NLOH	2	0	2	1	1.00
HCC1395	6	167587700	167592656	4957	0.66	-0.56	3	HET	2	1	1	NA	NA
HCC1395	6	167608663	167781325	172663	0.97	-0.57	2	NLOH	2	0	2	1	1.00
HCC1395	6	167789779	167789779	1	0.54	-0.81	3	HET	2	1	1	NA	NA
HCC1395	6	167796300	168366580	570281	0.97	-0.50	2	NLOH	2	0	2	1	1.00
HCC1395	6	168376866	168377309	444	0.79	-0.69	3	HET	2	1	1	NA	NA
HCC1395	6	168394398	170591923	2197526	0.97	-0.50	2	NLOH	2	0	2	1	1.00
HCC1395	6	170844127	170871052	26926	0.67	-0.43	3	HET	2	1	1	NA	NA
HCC1395	6	170878886	170878886	1	1.00	-0.42	2	NLOH	2	0	2	1	1.00
HCC1395	7	286534	1197994	911461	1.00	0.05	4	ALOH	3	0	3	1	1.00
HCC1395	7	1474632	1474632	1	0.55	0.18	5	GAIN	3	1	2	1	1.00
HCC1395	7	1520915	2565268	1044354	1.00	0.15	4	ALOH	3	0	3	1	1.00
HCC1395	7	2582153	2582153	1	0.70	0.14	5	GAIN	3	1	2	1	1.00
HCC1395	7	2608840	2625838	16999	1.00	0.07	4	ALOH	3	0	3	1	1.00
HCC1395	7	2626054	2629865	3812	0.68	-0.02	5	GAIN	3	1	2	1	1.00
HCC1395	7	2636385	5036758	2400374	1.00	0.07	4	ALOH	3	0	3	1	1.00
HCC1395	7	5161422	5161422	1	0.85	0.01	7	ASCNA	4	1	3	1	1.00
HCC1395	7	5161552	6862789	1701238	1.00	0.10	4	ALOH	3	0	3	1	1.00
HCC1395	7	6865853	6865853	1	0.77	0.47	7	ASCNA	4	1	3	1	1.00
HCC1395	7	6874648	9767511	2892864	1.00	0.05	4	ALOH	3	0	3	1	1.00
HCC1395	7	11416378	23546747	12130370	1.00	-0.42	2	NLOH	2	0	2	1	1.00
HCC1395	7	23624570	25207994	1583425	1.00	-1.44	1	DLOH	1	0	1	1	1.00
HCC1395	7	26235750	56358435	30122686	0.67	0.08	5	GAIN	3	1	2	1	1.00
HCC1395	7	56893620	63032361	6138742	0.62	0.37	8	BCNA	4	2	2	1	1.00
HCC1395	7	63210496	65825257	2614762	0.61	0.86	11	UBCNA	5	2	3	1	1.00
HCC1395	7	65987764	75068765	9081002	0.67	0.12	5	GAIN	3	1	2	1	1.00
HCC1395	7	75102267	100549530	25447264	0.80	0.83	10	ASCNA	5	1	4	1	1.00
HCC1395	7	100549573	100609486	59914	0.64	0.74	11	UBCNA	5	2	3	1	1.00
HCC1395	7	100612718	138125434	37512717	0.80	0.87	10	ASCNA	5	1	4	1	1.00
HCC1395	7	138310629	138312122	1494	1.00	0.58	6	ALOH	4	0	4	1	1.00
HCC1395	7	138347999	158851804	20503806	0.85	1.13	7	ASCNA	4	1	3	1	1.00
HCC1395	8	142083	607779	465697	1.00	-0.46	2	NLOH	2	0	2	1	1.00
HCC1395	8	609777	609867	91	0.93	-1.96	1	DLOH	1	0	1	1	1.00
HCC1395	8	642357	2033798	1391442	1.00	-0.54	2	NLOH	2	0	2	1	1.00
HCC1395	8	2033839	2033883	45	0.60	-0.70	3	HET	2	1	1	NA	NA
HCC1395	8	2033918	7005534	4971617	1.00	-0.60	2	NLOH	2	0	2	1	1.00
HCC1395	8	7111240	7308798	197559	0.62	-0.06	5	GAIN	3	1	2	1	1.00
HCC1395	8	7347278	7686757	339480	1.00	0.07	4	ALOH	3	0	3	1	1.00
HCC1395	8	7706075	7706075	1	0.53	-0.08	3	HET	2	1	1	NA	NA
HCC1395	8	8042564	8042564	1	1.00	-0.34	2	NLOH	2	0	2	1	1.00
HCC1395	8	8086035	8086581	547	0.57	0.41	8	BCNA	4	2	2	1	1.00
HCC1395	8	8091701	11872395	3780695	1.00	-0.53	2	NLOH	2	0	2	1	1.00
HCC1395	8	12232269	12232311	43	0.53	-0.21	3	HET	2	1	1	NA	NA
HCC1395	8	12232344	12232344	1	1.00	-0.21	2	NLOH	2	0	2	1	1.00
HCC1395	8	12232423	12453555	221133	0.58	-0.21	3	HET	2	1	1	NA	NA
HCC1395	8	12453605	49987230	37533626	1.00	-0.47	2	NLOH	2	0	2	1	1.00
HCC1395	8	52860731	59739333	6878603	1.00	0.04	4	ALOH	3	0	3	1	1.00
HCC1395	8	61139319	61484788	345470	1.00	-0.41	2	NLOH	2	0	2	1	1.00
HCC1395	8	61496950	101907971	40411022	1.00	0.01	4	ALOH	3	0	3	1	1.00
HCC1395	8	101908165	101908309	145	0.81	-0.42	3	HET	2	1	1	NA	NA
HCC1395	8	101937374	139268742	37331369	1.00	0.81	6	ALOH	4	0	4	1	1.00
HCC1395	8	139688697	139688697	1	0.64	1.12	8	BCNA	4	2	2	1	1.00
HCC1395	8	139749638	141744917	1995280	1.00	1.09	6	ALOH	4	0	4	1	1.00
HCC1395	8	141754888	141754888	1	0.55	0.87	11	UBCNA	5	2	3	1	1.00
HCC1395	8	141774282	143425912	1651631	1.00	1.08	6	ALOH	4	0	4	1	1.00
HCC1395	8	143561000	143561000	1	0.70	1.04	7	ASCNA	4	1	3	1	1.00
HCC1395	8	143609665	143957886	348222	1.00	0.97	6	ALOH	4	0	4	1	1.00
HCC1395	8	143957958	143958941	984	0.76	1.05	10	ASCNA	5	1	4	1	1.00
HCC1395	8	143959412	146229040	2269629	1.00	1.14	6	ALOH	4	0	4	1	1.00
HCC1395	9	304769	15451597	15146829	0.55	0.46	8	BCNA	4	2	2	1	1.00
HCC1395	9	15527255	19076673	3549419	1.00	-0.41	2	NLOH	2	0	2	1	1.00
HCC1395	9	19078134	19078134	1	0.54	-0.47	3	HET	2	1	1	NA	NA
HCC1395	9	19123745	33135085	14011341	1.00	-0.47	2	NLOH	2	0	2	1	1.00
HCC1395	9	33391171	33391771	601	0.60	0.11	5	GAIN	3	1	2	1	1.00
HCC1395	9	33468682	33676094	207413	1.00	-0.54	2	NLOH	2	0	2	1	1.00
HCC1395	9	33795808	33799370	3563	0.58	-0.22	3	HET	2	1	1	NA	NA
HCC1395	9	33914308	39178547	5264240	1.00	-0.50	2	NLOH	2	0	2	1	1.00
HCC1395	9	40292782	108363422	68070641	0.67	0.09	5	GAIN	3	1	2	1	1.00
HCC1395	9	110064265	115760610	5696346	1.00	-0.46	2	NLOH	2	0	2	1	1.00
HCC1395	9	115873850	115873850	1	0.66	-0.51	3	HET	2	1	1	NA	NA
HCC1395	9	115918144	130884753	14966610	1.00	-0.46	2	NLOH	2	0	2	1	1.00
HCC1395	9	130897386	130900453	3068	0.55	-0.28	3	HET	2	1	1	NA	NA
HCC1395	9	130906346	131702891	796546	1.00	-0.45	2	NLOH	2	0	2	1	1.00
HCC1395	9	131726634	133472120	1745487	0.69	0.01	5	GAIN	3	1	2	1	1.00
HCC1395	9	133488447	134103759	615313	0.57	0.44	8	BCNA	4	2	2	1	1.00
HCC1395	9	134346424	141109979	6763556	0.69	0.05	5	GAIN	3	1	2	1	1.00
HCC1395	10	94238	94238	1	0.77	-0.34	3	HET	2	1	1	NA	NA
HCC1395	10	95096	1056169	961074	1.00	-0.52	2	NLOH	2	0	2	1	1.00
HCC1395	10	1061300	1061570	271	0.64	-0.55	3	HET	2	1	1	NA	NA
HCC1395	10	1066710	1196736	130027	1.00	-0.53	2	NLOH	2	0	2	1	1.00
HCC1395	10	1205696	1205769	74	0.76	-0.19	5	GAIN	3	1	2	1	1.00
HCC1395	10	1205810	4875894	3670085	1.00	-0.48	2	NLOH	2	0	2	1	1.00
HCC1395	10	4878204	5032434	154231	1.00	0.64	6	ALOH	4	0	4	1	1.00
HCC1395	10	5037715	5037732	18	0.85	0.32	7	ASCNA	4	1	3	1	1.00
HCC1395	10	5037914	5043388	5475	1.00	0.49	6	ALOH	4	0	4	1	1.00
HCC1395	10	5045549	5045549	1	0.83	0.41	7	ASCNA	4	1	3	1	1.00
HCC1395	10	5194677	20568507	15373831	1.00	-0.50	2	NLOH	2	0	2	1	1.00
HCC1395	10	21071191	21884471	813281	1.00	0.58	6	ALOH	4	0	4	1	1.00
HCC1395	10	21970077	30986126	9016050	1.00	-0.46	2	NLOH	2	0	2	1	1.00
HCC1395	10	30986240	30986296	57	0.68	-0.37	5	GAIN	3	1	2	1	1.00
HCC1395	10	31134557	31320681	186125	1.00	-0.56	2	NLOH	2	0	2	1	1.00
HCC1395	10	32477900	38691130	6213231	0.55	0.53	8	BCNA	4	2	2	1	1.00
HCC1395	10	38696946	38696962	17	1.00	0.60	6	ALOH	4	0	4	1	1.00
HCC1395	10	38740849	45478681	6737833	0.59	0.69	8	BCNA	4	2	2	1	1.00
HCC1395	10	45672429	60577393	14904965	0.68	0.00	5	GAIN	3	1	2	1	1.00
HCC1395	10	60588553	71332204	10743652	1.00	-0.47	2	NLOH	2	0	2	1	1.00
HCC1395	10	71391724	71391724	1	0.61	-0.59	3	HET	2	1	1	NA	NA
HCC1395	10	71562437	88994789	17432353	1.00	-0.50	2	NLOH	2	0	2	1	1.00
HCC1395	10	89125109	89125109	1	0.59	-0.41	3	HET	2	1	1	NA	NA
HCC1395	10	89126924	120889022	31762099	1.00	-0.47	2	NLOH	2	0	2	1	1.00
HCC1395	10	120896927	120896927	1	0.64	-0.24	3	HET	2	1	1	NA	NA
HCC1395	10	120900271	121685448	785178	1.00	-0.47	2	NLOH	2	0	2	1	1.00
HCC1395	10	122263555	126186771	3923217	1.00	0.51	6	ALOH	4	0	4	1	1.00
HCC1395	10	126299115	126299454	340	0.73	0.39	7	ASCNA	4	1	3	1	1.00
HCC1395	10	126311495	127569228	1257734	1.00	0.54	6	ALOH	4	0	4	1	1.00
HCC1395	10	127585015	127585374	360	0.63	-0.12	5	GAIN	3	1	2	1	1.00
HCC1395	10	127668317	134788714	7120398	1.00	0.43	6	ALOH	4	0	4	1	1.00
HCC1395	10	134884874	134884894	21	0.64	0.64	8	BCNA	4	2	2	1	1.00
HCC1395	10	134916045	135098345	182301	1.00	0.42	6	ALOH	4	0	4	1	1.00
HCC1395	10	135105462	135105965	504	0.79	0.51	7	ASCNA	4	1	3	1	1.00
HCC1395	10	135106236	135378656	272421	1.00	0.39	6	ALOH	4	0	4	1	1.00
HCC1395	11	180623	194209	13587	0.64	-0.09	5	GAIN	3	1	2	1	1.00
HCC1395	11	194441	562219	367779	1.00	-0.49	2	NLOH	2	0	2	1	1.00
HCC1395	11	680012	723429	43418	1.00	0.22	6	ALOH	4	0	4	1	1.00
HCC1395	11	770732	1090343	319612	1.00	-0.51	2	NLOH	2	0	2	1	1.00
HCC1395	11	1093569	1093569	1	0.81	-0.86	7	ASCNA	4	1	3	1	1.00
HCC1395	11	1094761	1158387	63627	1.00	-0.40	2	NLOH	2	0	2	1	1.00
HCC1395	11	1213204	1213533	330	0.56	-0.45	3	HET	2	1	1	NA	NA
HCC1395	11	1247798	1651917	404120	1.00	-0.49	2	NLOH	2	0	2	1	1.00
HCC1395	11	1687843	1705676	17834	0.58	-0.33	3	HET	2	1	1	NA	NA
HCC1395	11	1756681	4185766	2429086	1.00	-0.47	2	NLOH	2	0	2	1	1.00
HCC1395	11	4255254	4255254	1	0.80	-0.29	7	ASCNA	4	1	3	1	1.00
HCC1395	11	4388905	16777132	12388228	1.00	-0.50	2	NLOH	2	0	2	1	1.00
HCC1395	11	17131918	17131918	1	0.69	-0.31	3	HET	2	1	1	NA	NA
HCC1395	11	17429922	18267356	837435	1.00	-0.51	2	NLOH	2	0	2	1	1.00
HCC1395	11	18267373	18267651	279	0.82	-0.34	7	ASCNA	4	1	3	1	1.00
HCC1395	11	18290902	18793685	502784	1.00	-0.49	2	NLOH	2	0	2	1	1.00
HCC1395	11	18954561	18956690	2130	0.68	-0.04	5	GAIN	3	1	2	1	1.00
HCC1395	11	19167850	48328644	29160795	1.00	-0.48	2	NLOH	2	0	2	1	1.00
HCC1395	11	48346996	48347067	72	0.66	-0.46	3	HET	2	1	1	NA	NA
HCC1395	11	48347140	48347140	1	0.99	-0.46	2	NLOH	2	0	2	1	1.00
HCC1395	11	48347539	48388782	41244	0.70	-0.57	3	HET	2	1	1	NA	NA
HCC1395	11	48441874	49872191	1430318	1.00	-0.43	2	NLOH	2	0	2	1	1.00
HCC1395	11	55522572	60703076	5180505	0.57	0.54	8	BCNA	4	2	2	1	1.00
HCC1395	11	60775007	61253200	478194	0.62	0.87	11	UBCNA	5	2	3	1	1.00
HCC1395	11	61310122	62303383	993262	0.59	0.74	8	BCNA	4	2	2	1	1.00
HCC1395	11	62334096	62444798	110703	1.00	-0.58	2	NLOH	2	0	2	1	1.00
HCC1395	11	62564009	63071916	507908	0.60	0.81	11	UBCNA	5	2	3	1	1.00
HCC1395	11	63138064	63138064	1	1.00	0.69	6	ALOH	4	0	4	1	1.00
HCC1395	11	63173751	70281007	7107257	0.58	0.75	8	BCNA	4	2	2	1	1.00
HCC1395	11	70387122	71506814	1119693	1.00	-0.52	2	NLOH	2	0	2	1	1.00
HCC1395	11	71507427	71507427	1	0.56	0.02	8	BCNA	4	2	2	1	1.00
HCC1395	11	71511925	73498933	1987009	1.00	-0.46	2	NLOH	2	0	2	1	1.00
HCC1395	11	73499106	73499116	11	0.53	-0.71	3	HET	2	1	1	NA	NA
HCC1395	11	73662363	95834797	22172435	1.00	-0.50	2	NLOH	2	0	2	1	1.00
HCC1395	11	99690076	99690428	353	0.56	-0.41	3	HET	2	1	1	NA	NA
HCC1395	11	99786577	114320923	14534347	1.00	-0.47	2	NLOH	2	0	2	1	1.00
HCC1395	11	114421799	114421962	164	0.65	-0.33	3	HET	2	1	1	NA	NA
HCC1395	11	114574819	116734545	2159727	1.00	-0.62	2	NLOH	2	0	2	1	1.00
HCC1395	11	117078378	117078378	1	0.57	-0.73	3	HET	2	1	1	NA	NA
HCC1395	11	117226524	119043656	1817133	1.00	-0.60	2	NLOH	2	0	2	1	1.00
HCC1395	11	119050352	119050352	1	0.52	-0.61	3	HET	2	1	1	NA	NA
HCC1395	11	119052826	130092279	11039454	1.00	-0.54	2	NLOH	2	0	2	1	1.00
HCC1395	11	130103037	130103037	1	0.61	-0.48	3	HET	2	1	1	NA	NA
HCC1395	11	130270220	134151436	3881217	1.00	-0.53	2	NLOH	2	0	2	1	1.00
HCC1395	11	134151788	134151788	1	0.51	-0.70	3	HET	2	1	1	NA	NA
HCC1395	11	134151812	134251777	99966	1.00	-0.70	2	NLOH	2	0	2	1	1.00
HCC1395	12	73876	92000	18125	0.61	-0.43	3	HET	2	1	1	NA	NA
HCC1395	12	149478	7053030	6903553	1.00	0.05	4	ALOH	3	0	3	1	1.00
HCC1395	12	7053086	9094982	2041897	0.76	0.50	7	ASCNA	4	1	3	1	1.00
HCC1395	12	9247967	9406213	158247	0.60	0.85	11	UBCNA	5	2	3	1	1.00
HCC1395	12	9573291	23757245	14183955	0.77	0.56	7	ASCNA	4	1	3	1	1.00
HCC1395	12	24994923	26733062	1738140	0.61	0.77	8	BCNA	4	2	2	1	1.00
HCC1395	12	26749831	28412372	1662542	0.66	0.07	5	GAIN	3	1	2	1	1.00
HCC1395	12	28457686	28457686	1	1.00	1.41	6	ALOH	4	0	4	1	1.00
HCC1395	12	28637115	34175301	5538187	0.67	0.07	5	GAIN	3	1	2	1	1.00
HCC1395	12	38327775	53044427	14716653	1.00	-0.48	2	NLOH	2	0	2	1	1.00
HCC1395	12	53069229	53069229	1	0.58	-0.44	3	HET	2	1	1	NA	NA
HCC1395	12	53102733	57492996	4390264	1.00	-0.48	2	NLOH	2	0	2	1	1.00
HCC1395	12	57493541	57493541	1	0.50	-0.48	3	HET	2	1	1	NA	NA
HCC1395	12	57502182	118541188	61039007	1.00	-0.46	2	NLOH	2	0	2	1	1.00
HCC1395	12	118588780	118588780	1	0.59	-0.30	3	HET	2	1	1	NA	NA
HCC1395	12	118610088	131692047	13081960	1.00	-0.47	2	NLOH	2	0	2	1	1.00
HCC1395	12	131692116	131692280	165	0.65	-0.89	3	HET	2	1	1	NA	NA
HCC1395	12	132032213	133349620	1317408	1.00	-0.50	2	NLOH	2	0	2	1	1.00
HCC1395	12	133352533	133352809	277	1.00	-1.48	1	DLOH	1	0	1	1	1.00
HCC1395	12	133353168	133810703	457536	1.00	-0.52	2	NLOH	2	0	2	1	1.00
HCC1395	13	19042415	32870882	13828468	0.66	0.01	5	GAIN	3	1	2	1	1.00
HCC1395	13	32882646	36903849	4021204	0.81	0.72	7	ASCNA	4	1	3	1	1.00
HCC1395	13	37014366	37679776	665411	0.66	-0.02	5	GAIN	3	1	2	1	1.00
HCC1395	13	38152914	49283487	11130574	0.55	0.47	8	BCNA	4	2	2	1	1.00
HCC1395	13	49761787	52730259	2968473	1.00	-0.54	2	NLOH	2	0	2	1	1.00
HCC1395	13	52809355	52809355	1	0.66	-0.44	3	HET	2	1	1	NA	NA
HCC1395	13	52989863	114758112	61768250	1.00	-0.54	2	NLOH	2	0	2	1	1.00
HCC1395	13	114772807	114795022	22216	0.66	-0.75	3	HET	2	1	1	NA	NA
HCC1395	13	114842648	115064685	222038	1.00	-0.55	2	NLOH	2	0	2	1	1.00
HCC1395	14	19117463	22356791	3239329	0.55	0.45	8	BCNA	4	2	2	1	1.00
HCC1395	14	22362971	22363084	114	0.99	-0.43	2	NLOH	2	0	2	1	1.00
HCC1395	14	22371013	24846961	2475949	0.55	0.46	8	BCNA	4	2	2	1	1.00
HCC1395	14	24878485	35873770	10995286	0.68	0.08	5	GAIN	3	1	2	1	1.00
HCC1395	14	36665556	36840695	175140	0.99	-0.66	2	NLOH	2	0	2	1	1.00
HCC1395	14	36841242	36841242	1	0.66	-0.28	3	HET	2	1	1	NA	NA
HCC1395	14	37132061	39685539	2553479	1.00	-0.52	2	NLOH	2	0	2	1	1.00
HCC1395	14	39784014	39784042	29	0.57	-0.60	3	HET	2	1	1	NA	NA
HCC1395	14	42355771	45711594	3355824	1.00	-0.54	2	NLOH	2	0	2	1	1.00
HCC1395	14	47121179	58939169	11817991	0.56	0.49	8	BCNA	4	2	2	1	1.00
HCC1395	14	59496564	60712515	1215952	0.69	0.12	5	GAIN	3	1	2	1	1.00
HCC1395	14	61176886	65418265	4241380	1.00	-0.54	2	NLOH	2	0	2	1	1.00
HCC1395	14	65542067	69995112	4453046	0.67	0.11	5	GAIN	3	1	2	1	1.00
HCC1395	14	70037611	75378185	5340575	1.00	-0.47	2	NLOH	2	0	2	1	1.00
HCC1395	14	75514534	81972673	6458140	1.00	0.40	6	ALOH	4	0	4	1	1.00
HCC1395	14	86093378	97312642	11219265	0.82	1.01	7	ASCNA	4	1	3	1	1.00
HCC1395	14	99639270	105965372	6326103	1.00	0.15	4	ALOH	3	0	3	1	1.00
HCC1395	14	106064550	106092599	28050	0.80	0.17	7	ASCNA	4	1	3	1	1.00
HCC1395	14	106095664	106170671	75008	1.00	-0.00	4	ALOH	3	0	3	1	1.00
HCC1395	14	106173206	106173971	766	0.71	0.05	5	GAIN	3	1	2	1	1.00
HCC1395	14	106174261	106188045	13785	1.00	-0.03	4	ALOH	3	0	3	1	1.00
HCC1395	14	106206603	106210814	4212	0.77	-0.26	7	ASCNA	4	1	3	1	1.00
HCC1395	14	106232024	106235297	3274	1.00	0.05	4	ALOH	3	0	3	1	1.00
HCC1395	14	106237898	106237911	14	0.79	-0.04	5	GAIN	3	1	2	1	1.00
HCC1395	14	106306841	106733857	427017	1.00	0.26	6	ALOH	4	0	4	1	1.00
HCC1395	14	106788423	106805992	17570	0.65	0.73	7	ASCNA	4	1	3	1	1.00
HCC1395	14	106858786	107062737	203952	1.00	0.16	4	ALOH	3	0	3	1	1.00
HCC1395	14	107099008	107099190	183	0.69	-0.12	5	GAIN	3	1	2	1	1.00
HCC1395	14	107170524	107178613	8090	1.00	-0.59	2	NLOH	2	0	2	1	1.00
HCC1395	15	20083585	20086270	2686	0.67	-0.42	3	HET	2	1	1	NA	NA
HCC1395	15	20169854	20178648	8795	0.99	-0.64	2	NLOH	2	0	2	1	1.00
HCC1395	15	20218332	20635224	416893	0.67	-0.48	3	HET	2	1	1	NA	NA
HCC1395	15	20737747	21140708	402962	1.00	-0.75	2	NLOH	2	0	2	1	1.00
HCC1395	15	21140945	21324610	183666	0.66	-0.44	3	HET	2	1	1	NA	NA
HCC1395	15	21369251	21369251	1	1.00	0.17	4	ALOH	3	0	3	1	1.00
HCC1395	15	21903842	21938287	34446	0.68	-0.53	3	HET	2	1	1	NA	NA
HCC1395	15	22015940	23300033	1284094	1.00	-0.54	2	NLOH	2	0	2	1	1.00
HCC1395	15	23500373	23685475	185103	0.74	-0.52	3	HET	2	1	1	NA	NA
HCC1395	15	23811592	28414870	4603279	1.00	-0.54	2	NLOH	2	0	2	1	1.00
HCC1395	15	28500765	28952538	451774	0.65	-0.48	3	HET	2	1	1	NA	NA
HCC1395	15	30054099	32820606	2766508	1.00	-0.57	2	NLOH	2	0	2	1	1.00
HCC1395	15	32829061	32829061	1	0.53	-0.79	3	HET	2	1	1	NA	NA
HCC1395	15	32915945	55619796	22703852	1.00	-0.53	2	NLOH	2	0	2	1	1.00
HCC1395	15	55619990	55619990	1	0.50	-0.21	3	HET	2	1	1	NA	NA
HCC1395	15	55632859	55881107	248249	1.00	-0.51	2	NLOH	2	0	2	1	1.00
HCC1395	15	55912528	58947625	3035098	0.57	0.52	8	BCNA	4	2	2	1	1.00
HCC1395	15	58983588	58983588	1	1.00	0.46	6	ALOH	4	0	4	1	1.00
HCC1395	15	59010111	76603679	17593569	0.59	0.29	8	BCNA	4	2	2	1	1.00
HCC1395	15	77241542	77310636	69095	0.70	0.76	7	ASCNA	4	1	3	1	1.00
HCC1395	15	77323029	78423596	1100568	0.69	0.12	5	GAIN	3	1	2	1	1.00
HCC1395	15	78441769	78581717	139949	0.74	-0.43	3	HET	2	1	1	NA	NA
HCC1395	15	78633595	78894339	260745	0.84	-0.14	5	GAIN	3	1	2	1	1.00
HCC1395	15	78909452	79065722	156271	0.79	-0.38	3	HET	2	1	1	NA	NA
HCC1395	15	79223681	81601340	2377660	0.84	-0.30	5	GAIN	3	1	2	1	1.00
HCC1395	15	81610592	82431219	820628	0.81	-0.34	3	HET	2	1	1	NA	NA
HCC1395	15	82444437	102506092	20061656	0.78	0.47	7	ASCNA	4	1	3	1	1.00
HCC1395	16	79811	143224	63414	0.94	-0.39	2	NLOH	2	0	2	1	1.00
HCC1395	16	188335	188335	1	0.62	-0.27	3	HET	2	1	1	NA	NA
HCC1395	16	223735	598838	375104	0.93	-0.40	2	NLOH	2	0	2	1	1.00
HCC1395	16	601061	601061	1	0.51	-0.22	3	HET	2	1	1	NA	NA
HCC1395	16	601632	1004743	403112	0.95	-0.51	2	NLOH	2	0	2	1	1.00
HCC1395	16	1033634	8988777	7955144	0.65	0.12	5	GAIN	3	1	2	1	1.00
HCC1395	16	10269442	20410669	10141228	0.78	0.79	7	ASCNA	4	1	3	1	1.00
HCC1395	16	20601646	33504819	12903174	0.56	0.50	8	BCNA	4	2	2	1	1.00
HCC1395	16	33530983	33548357	17375	0.80	0.33	7	ASCNA	4	1	3	1	1.00
HCC1395	16	33548523	33961418	412896	0.61	0.05	5	GAIN	3	1	2	1	1.00
HCC1395	16	46732095	66759920	20027826	0.84	1.20	7	ASCNA	4	1	3	1	1.00
HCC1395	16	70010589	71007657	997069	0.57	0.56	8	BCNA	4	2	2	1	1.00
HCC1395	16	71059031	88808171	17749141	0.65	1.26	7	ASCNA	4	1	3	1	1.00
HCC1395	16	89334104	89815250	481147	1.00	1.08	6	ALOH	4	0	4	1	1.00
HCC1395	17	6115	169399	163285	0.99	-0.01	4	ALOH	3	0	3	1	1.00
HCC1395	17	171394	171394	1	0.55	-0.14	3	HET	2	1	1	NA	NA
HCC1395	17	263294	912768	649475	1.00	0.08	4	ALOH	3	0	3	1	1.00
HCC1395	17	925670	925764	95	1.00	-0.91	2	NLOH	2	0	2	1	1.00
HCC1395	17	959515	2377118	1417604	1.00	0.07	4	ALOH	3	0	3	1	1.00
HCC1395	17	2597734	2597734	1	0.58	0.23	5	GAIN	3	1	2	1	1.00
HCC1395	17	2598078	4540277	1942200	1.00	0.14	4	ALOH	3	0	3	1	1.00
HCC1395	17	4541304	4541304	1	0.52	0.18	8	BCNA	4	2	2	1	1.00
HCC1395	17	4542717	4856812	314096	1.00	0.12	4	ALOH	3	0	3	1	1.00
HCC1395	17	4859156	4859156	1	0.57	0.24	8	BCNA	4	2	2	1	1.00
HCC1395	17	4863626	5035964	172339	1.00	0.06	4	ALOH	3	0	3	1	1.00
HCC1395	17	5036383	5036383	1	0.81	-0.05	7	ASCNA	4	1	3	1	1.00
HCC1395	17	5044506	7106378	2061873	1.00	0.12	4	ALOH	3	0	3	1	1.00
HCC1395	17	7123240	7124756	1517	0.60	0.05	5	GAIN	3	1	2	1	1.00
HCC1395	17	7252273	15620481	8368209	1.00	0.07	4	ALOH	3	0	3	1	1.00
HCC1395	17	15638362	15639254	893	0.76	0.16	5	GAIN	3	1	2	1	1.00
HCC1395	17	15640815	18194362	2553548	1.00	0.02	4	ALOH	3	0	3	1	1.00
HCC1395	17	18395647	18402736	7090	0.70	-0.17	5	GAIN	3	1	2	1	1.00
HCC1395	17	18420964	18880268	459305	1.00	-0.02	4	ALOH	3	0	3	1	1.00
HCC1395	17	19437187	20224349	787163	1.00	-0.41	2	NLOH	2	0	2	1	1.00
HCC1395	17	20405587	20405587	1	0.74	-0.59	3	HET	2	1	1	NA	NA
HCC1395	17	20492469	20747365	254897	1.00	-0.32	2	NLOH	2	0	2	1	1.00
HCC1395	17	20768601	20768867	267	0.65	-0.74	3	HET	2	1	1	NA	NA
HCC1395	17	20769768	20769904	137	0.75	-0.09	5	GAIN	3	1	2	1	1.00
HCC1395	17	20799119	21201442	402324	1.00	-0.75	2	NLOH	2	0	2	1	1.00
HCC1395	17	21201550	21562500	360951	0.63	-0.49	3	HET	2	1	1	NA	NA
HCC1395	17	21730653	41164226	19433574	1.00	-0.49	2	NLOH	2	0	2	1	1.00
HCC1395	17	41466035	41466371	337	0.80	0.01	5	GAIN	3	1	2	1	1.00
HCC1395	17	41522213	45201091	3678879	1.00	-0.49	2	NLOH	2	0	2	1	1.00
HCC1395	17	45214631	45234420	19790	0.72	-0.46	3	HET	2	1	1	NA	NA
HCC1395	17	45240971	60326752	15085782	1.00	-0.54	2	NLOH	2	0	2	1	1.00
HCC1395	17	60342105	60526547	184443	0.72	-0.49	3	HET	2	1	1	NA	NA
HCC1395	17	60637258	64881075	4243818	1.00	-0.47	2	NLOH	2	0	2	1	1.00
HCC1395	17	65718867	71335260	5616394	1.00	0.81	6	ALOH	4	0	4	1	1.00
HCC1395	17	71346329	71346329	1	0.52	0.45	8	BCNA	4	2	2	1	1.00
HCC1395	17	71354010	72875727	1521718	1.00	0.51	6	ALOH	4	0	4	1	1.00
HCC1395	17	72889676	72889685	10	0.59	0.83	11	UBCNA	5	2	3	1	1.00
HCC1395	17	72926660	73059836	133177	1.00	0.42	6	ALOH	4	0	4	1	1.00
HCC1395	17	73073611	73073611	1	0.57	0.41	8	BCNA	4	2	2	1	1.00
HCC1395	17	73089671	74772935	1683265	1.00	0.54	6	ALOH	4	0	4	1	1.00
HCC1395	17	74878427	74878427	1	0.55	0.52	8	BCNA	4	2	2	1	1.00
HCC1395	17	74899315	75207966	308652	1.00	0.51	6	ALOH	4	0	4	1	1.00
HCC1395	17	75212411	75212411	1	0.56	0.64	8	BCNA	4	2	2	1	1.00
HCC1395	17	75316497	78395734	3079238	1.00	0.60	9	ALOH	5	0	5	1	1.00
HCC1395	17	78404187	78404187	1	0.59	0.72	8	BCNA	4	2	2	1	1.00
HCC1395	17	78444298	79092463	648166	1.00	0.78	6	ALOH	4	0	4	1	1.00
HCC1395	17	79093137	79098859	5723	0.72	1.21	7	ASCNA	4	1	3	1	1.00
HCC1395	17	79098926	80008018	909093	1.00	0.85	6	ALOH	4	0	4	1	1.00
HCC1395	17	80039801	80039818	18	0.66	0.78	11	UBCNA	5	2	3	1	1.00
HCC1395	17	80045781	80051004	5224	1.00	1.04	6	ALOH	4	0	4	1	1.00
HCC1395	17	80085265	80085283	19	0.70	0.71	7	ASCNA	4	1	3	1	1.00
HCC1395	17	80196008	81051887	855880	1.00	0.57	6	ALOH	4	0	4	1	1.00
HCC1395	18	166542	10795041	10628500	1.00	-0.48	2	NLOH	2	0	2	1	1.00
HCC1395	18	10797178	10797178	1	0.51	-0.35	3	HET	2	1	1	NA	NA
HCC1395	18	10797303	11066010	268708	1.00	-0.35	2	NLOH	2	0	2	1	1.00
HCC1395	18	11610763	40340496	28729734	0.55	0.48	8	BCNA	4	2	2	1	1.00
HCC1395	18	40848214	40848214	1	1.00	0.63	6	ALOH	4	0	4	1	1.00
HCC1395	18	42372487	51057298	8684812	0.55	0.47	8	BCNA	4	2	2	1	1.00
HCC1395	18	51818076	55155380	3337305	0.68	1.17	7	ASCNA	4	1	3	1	1.00
HCC1395	18	55240708	55289076	48369	0.60	0.94	11	UBCNA	5	2	3	1	1.00
HCC1395	18	55862847	56279025	416179	1.00	0.00	4	ALOH	3	0	3	1	1.00
HCC1395	18	56532820	77254202	20721383	1.00	-1.51	1	DLOH	1	0	1	1	1.00
HCC1395	18	77254279	77254508	230	0.59	-1.44	3	HET	2	1	1	NA	NA
HCC1395	18	77254914	77703476	448563	0.98	-1.45	1	DLOH	1	0	1	1	1.00
HCC1395	19	281360	501580	220221	1.00	-0.47	2	NLOH	2	0	2	1	1.00
HCC1395	19	501701	536107	34407	0.67	-0.51	3	HET	2	1	1	NA	NA
HCC1395	19	541260	610034	68775	1.00	-0.54	2	NLOH	2	0	2	1	1.00
HCC1395	19	643093	643104	12	0.50	-0.65	3	HET	2	1	1	NA	NA
HCC1395	19	652948	2244675	1591728	1.00	-0.46	2	NLOH	2	0	2	1	1.00
HCC1395	19	2247153	2247153	1	0.53	-0.40	3	HET	2	1	1	NA	NA
HCC1395	19	2289962	4510560	2220599	1.00	-0.44	2	NLOH	2	0	2	1	1.00
HCC1395	19	4511278	4511365	88	0.67	-0.45	3	HET	2	1	1	NA	NA
HCC1395	19	4511453	6990724	2479272	1.00	-0.46	2	NLOH	2	0	2	1	1.00
HCC1395	19	7051942	7051942	1	0.69	-0.18	5	GAIN	3	1	2	1	1.00
HCC1395	19	7420697	7509492	88796	1.00	-0.38	2	NLOH	2	0	2	1	1.00
HCC1395	19	7515334	7515403	70	0.69	-0.44	3	HET	2	1	1	NA	NA
HCC1395	19	7515563	12058536	4542974	1.00	-0.49	2	NLOH	2	0	2	1	1.00
HCC1395	19	12175383	17068621	4893239	0.56	0.66	8	BCNA	4	2	2	1	1.00
HCC1395	19	17085865	17488141	402277	1.00	-0.23	2	NLOH	2	0	2	1	1.00
HCC1395	19	17531450	18279816	748367	0.63	0.38	8	BCNA	4	2	2	1	1.00
HCC1395	19	18322155	20473524	2151370	0.68	0.39	7	ASCNA	4	1	3	1	1.00
HCC1395	19	20727144	22321273	1594130	0.64	0.38	8	BCNA	4	2	2	1	1.00
HCC1395	19	22363508	23158847	795340	0.69	0.42	7	ASCNA	4	1	3	1	1.00
HCC1395	19	23311160	33409413	10098254	0.59	0.29	8	BCNA	4	2	2	1	1.00
HCC1395	19	33444287	38990401	5546115	0.61	0.23	5	GAIN	3	1	2	1	1.00
HCC1395	19	39279801	42373893	3094093	1.00	-0.49	2	NLOH	2	0	2	1	1.00
HCC1395	19	42400903	42401012	110	0.73	-0.32	3	HET	2	1	1	NA	NA
HCC1395	19	42462788	42585737	122950	1.00	-0.59	2	NLOH	2	0	2	1	1.00
HCC1395	19	42596244	42596244	1	0.53	-0.60	3	HET	2	1	1	NA	NA
HCC1395	19	42793590	43864548	1070959	1.00	-0.52	2	NLOH	2	0	2	1	1.00
HCC1395	19	43865499	43865499	1	0.79	-0.34	7	ASCNA	4	1	3	1	1.00
HCC1395	19	43865840	43876891	11052	1.00	-0.46	2	NLOH	2	0	2	1	1.00
HCC1395	19	43877394	43877406	13	0.82	-0.67	3	HET	2	1	1	NA	NA
HCC1395	19	43883273	43919929	36657	1.00	-0.49	2	NLOH	2	0	2	1	1.00
HCC1395	19	43999256	43999292	37	0.58	-0.69	3	HET	2	1	1	NA	NA
HCC1395	19	44005804	47542628	3536825	1.00	-0.46	2	NLOH	2	0	2	1	1.00
HCC1395	19	47653359	47653359	1	0.58	-0.23	3	HET	2	1	1	NA	NA
HCC1395	19	47770032	49300431	1530400	1.00	-0.45	2	NLOH	2	0	2	1	1.00
HCC1395	19	49316827	49878196	561370	1.00	-1.39	1	DLOH	1	0	1	1	1.00
HCC1395	19	49920805	51125896	1205092	1.00	-0.41	2	NLOH	2	0	2	1	1.00
HCC1395	19	51129064	51132952	3889	0.60	-0.44	3	HET	2	1	1	NA	NA
HCC1395	19	51161088	54694334	3533247	1.00	-0.48	2	NLOH	2	0	2	1	1.00
HCC1395	19	54725523	54726241	719	0.56	-0.50	3	HET	2	1	1	NA	NA
HCC1395	19	54742999	54860845	117847	1.00	-0.50	2	NLOH	2	0	2	1	1.00
HCC1395	19	54861424	54861424	1	0.54	-0.68	3	HET	2	1	1	NA	NA
HCC1395	19	54870191	56369593	1499403	1.00	-0.50	2	NLOH	2	0	2	1	1.00
HCC1395	19	56373578	56373578	1	0.63	-0.66	3	HET	2	1	1	NA	NA
HCC1395	19	56388262	56733425	345164	1.00	-0.57	2	NLOH	2	0	2	1	1.00
HCC1395	19	56735826	56735856	31	0.81	-0.62	3	HET	2	1	1	NA	NA
HCC1395	19	56735900	58016329	1280430	1.00	-0.55	2	NLOH	2	0	2	1	1.00
HCC1395	19	58016474	58016479	6	0.55	-0.62	3	HET	2	1	1	NA	NA
HCC1395	19	58017603	59073740	1056138	1.00	-0.56	2	NLOH	2	0	2	1	1.00
HCC1395	20	126529	5482638	5356110	0.60	-0.23	3	HET	2	1	1	NA	NA
HCC1395	20	5539564	8630253	3090690	0.65	-0.12	5	GAIN	3	1	2	1	1.00
HCC1395	20	8637727	13514459	4876733	0.59	-0.18	3	HET	2	1	1	NA	NA
HCC1395	20	13708788	14306953	598166	0.58	0.40	8	BCNA	4	2	2	1	1.00
HCC1395	20	14696882	16506939	1810058	0.64	-0.17	5	GAIN	3	1	2	1	1.00
HCC1395	20	16718263	17705677	987415	0.59	-0.22	3	HET	2	1	1	NA	NA
HCC1395	20	17932210	18143355	211146	0.64	0.07	5	GAIN	3	1	2	1	1.00
HCC1395	20	18286888	26094769	7807882	0.60	-0.24	3	HET	2	1	1	NA	NA
HCC1395	20	29449205	29614725	165521	0.64	0.01	5	GAIN	3	1	2	1	1.00
HCC1395	20	29624295	29633794	9500	0.64	-0.24	3	HET	2	1	1	NA	NA
HCC1395	20	29637154	29652503	15350	0.73	-0.12	5	GAIN	3	1	2	1	1.00
HCC1395	20	29847211	32298323	2451113	0.60	-0.21	3	HET	2	1	1	NA	NA
HCC1395	20	32665084	43052570	10387487	0.58	0.17	5	GAIN	3	1	2	1	1.00
HCC1395	20	43058018	62831525	19773508	0.58	0.55	8	BCNA	4	2	2	1	1.00
HCC1395	21	9683476	38302769	28619294	0.56	-0.43	3	HET	2	1	1	NA	NA
HCC1395	21	38466557	40250766	1784210	1.00	-1.49	1	DLOH	1	0	1	1	1.00
HCC1395	21	40549289	46957982	6408694	0.57	-0.53	3	HET	2	1	1	NA	NA
HCC1395	21	47319768	48071530	751763	0.68	0.05	5	GAIN	3	1	2	1	1.00
HCC1395	22	16157603	16159293	1691	0.65	0.16	8	BCNA	4	2	2	1	1.00
HCC1395	22	16255188	16871440	616253	1.00	-0.15	4	ALOH	3	0	3	1	1.00
HCC1395	22	16871709	16919927	48219	0.51	0.02	5	GAIN	3	1	2	1	1.00
HCC1395	22	16957305	18655607	1698303	1.00	-0.51	2	NLOH	2	0	2	1	1.00
HCC1395	22	18769394	18842061	72668	0.58	-0.80	3	HET	2	1	1	NA	NA
HCC1395	22	18860847	18896464	35618	0.96	-0.87	2	NLOH	2	0	2	1	1.00
HCC1395	22	18898834	18898874	41	0.69	-0.54	3	HET	2	1	1	NA	NA
HCC1395	22	18905964	20094263	1188300	1.00	-0.46	2	NLOH	2	0	2	1	1.00
HCC1395	22	20096314	20096320	7	0.56	-0.12	5	GAIN	3	1	2	1	1.00
HCC1395	22	20098359	20307256	208898	1.00	-0.39	2	NLOH	2	0	2	1	1.00
HCC1395	22	20378593	20394526	15934	1.00	-1.42	1	DLOH	1	0	1	1	1.00
HCC1395	22	20710985	20713860	2876	1.00	-0.40	2	NLOH	2	0	2	1	1.00
HCC1395	22	20714003	20715651	1649	0.68	-0.18	5	GAIN	3	1	2	1	1.00
HCC1395	22	20716110	21051677	335568	1.00	-0.57	2	NLOH	2	0	2	1	1.00
HCC1395	22	21051739	21051859	121	0.77	-0.05	5	GAIN	3	1	2	1	1.00
HCC1395	22	21051983	21424504	372522	1.00	-0.51	2	NLOH	2	0	2	1	1.00
HCC1395	22	21537809	21537809	1	0.67	-0.62	3	HET	2	1	1	NA	NA
HCC1395	22	21576006	22664908	1088903	1.00	-0.45	2	NLOH	2	0	2	1	1.00
HCC1395	22	22669196	22669196	1	0.83	-0.15	7	ASCNA	4	1	3	1	1.00
HCC1395	22	22669291	22697490	28200	1.00	-0.57	2	NLOH	2	0	2	1	1.00
HCC1395	22	22707063	22707178	116	0.82	-0.19	5	GAIN	3	1	2	1	1.00
HCC1395	22	22707388	22730635	23248	0.99	-0.19	2	NLOH	2	0	2	1	1.00
HCC1395	22	22730702	22730702	1	0.51	-0.43	3	HET	2	1	1	NA	NA
HCC1395	22	22758488	22972396	213909	1.00	-0.41	2	NLOH	2	0	2	1	1.00
HCC1395	22	22975331	22979944	4614	0.74	-1.38	3	HET	2	1	1	NA	NA
HCC1395	22	22986734	23011593	24860	1.00	-0.44	2	NLOH	2	0	2	1	1.00
HCC1395	22	23054840	23114508	59669	0.54	0.67	8	BCNA	4	2	2	1	1.00
HCC1395	22	23154640	23154764	125	1.00	0.80	9	ALOH	5	0	5	1	1.00
HCC1395	22	23241620	23243668	2049	0.67	0.60	7	ASCNA	4	1	3	1	1.00
HCC1395	22	23248358	23248358	1	1.00	0.88	9	ALOH	5	0	5	1	1.00
HCC1395	22	23256260	36140474	12884215	0.57	0.73	8	BCNA	4	2	2	1	1.00
HCC1395	22	36537029	36678118	141090	1.00	-0.54	2	NLOH	2	0	2	1	1.00
HCC1395	22	36863726	38061520	1197795	0.62	0.98	8	BCNA	4	2	2	1	1.00
HCC1395	22	38071511	41620138	3548628	1.00	0.43	6	ALOH	4	0	4	1	1.00
HCC1395	22	41626089	41626089	1	0.67	0.58	7	ASCNA	4	1	3	1	1.00
HCC1395	22	41652250	50483850	8831601	1.00	0.44	6	ALOH	4	0	4	1	1.00
HCC1395	22	50502215	50502285	71	0.80	0.88	10	ASCNA	5	1	4	1	1.00
HCC1395	22	50506668	50649297	142630	1.00	0.64	6	ALOH	4	0	4	1	1.00
HCC1395	22	50651190	50651278	89	0.58	0.51	8	BCNA	4	2	2	1	1.00
HCC1395	22	50666087	50723474	57388	1.00	0.83	6	ALOH	4	0	4	1	1.00
HCC1395	22	50724190	50724190	1	0.78	0.90	10	ASCNA	5	1	4	1	1.00
HCC1395	22	50752150	51153840	401691	1.0000	0.68	6	ALOH	4	0	4	1	1.00
